0
11
12
13
14
15
16
17
18
19
20
33
34
35
36
37
38
39
40
43
44
89
90
91
92
93
94
95
107
108
109
110
111
112
113
114
115
128
129
130
131
132
133
134
135
136
137
138
139
151
152
156
184
185
186
187
188
189
190
203
204
205
206
207
208
209
223
224
225
226
227
228
229
230
231
232
233
234
235
236
246
247
248
250
251
261
262
263
280
281
282
283
284
285
297
298
299
300
301
302
317
318
319
320
321
322
323
324
325
326
327
328
329
330
331
342
343
344
345
346
357
358
359
377
378
379
380
392
393
394
395
396
397
398
411
412
413
414
415
416
417
418
419
420
421
422
423
424
436
437
438
439
440
441
451
452
453
454
472
473
475
477
478
481
482
487
488
491
492
493
502
503
504
505
506
507
508
509
510
511
512
513
514
515
516
518
519
530
531
532
533
534
535
536
537
547
548
549
566
567
568
570
572
573
574
575
576
577
587
588
597
598
599
600
601
602
606
607
608
609
613
614
625
626
627
628
629
630
631
632
641
665
667
668
669
670
671
672
680
681
682
692
693
694
695
702
703
704
709
710
711
712
713
723
724
732
733
734
735
752
753
760
762
763
764
765
766
767
775
776
777
778
788
789
797
798
799
804
805
806
807
808
818
819
827
828
844
846
847
848
855
857
858
859
860
861
862
863
870
871
872
873
878
879
898
899
900
901
902
903
939
940
941
942
943
944
945
950
952
953
954
955
956
957
958
960
961
962
965
966
967
968
971
972
973
974
975
976
993
994
995
996
997
998
1006
1007
1008
1035
1036
1037
1038
1039
1040
1045
1048
1049
1050
1051
1055
1056
1066
1067
1068
1069
1070
1071
1077
1078
1079
1088
1089
1090
1091
1092
1093
1101
1102
1103
1104
1132
1133
1134
1140
1144
1145
1146
1147
1148
1149
1150
1151
1152
1161
1162
1163
1164
1165
1166
1171
1172
1173
1174
1175
1176
1184
1185
1186
1196
1197
1198
1199
1228
1235
1241
1242
1243
1244
1245
1246
1247
1248
1256
1257
1258
1259
1260
1266
1267
1268
1269
1270
1271
1291
1292
1293
1324
1330
1336
1337
1338
1339
1340
1341
1342
1343
1344
1352
1353
1354
1355
1361
1362
1363
1364
1365
1366
1425
1431
1432
1433
1434
1435
1436
1437
1438
1439
1457
1458
1459
1460
1461
1466
1467
1471
1480
1481
1520
1526
1527
1528
1529
1530
1531
1532
1533
1543
1544
1545
1552
1553
1555
1556
1561
1562
1563
1565
1566
1570
1571
1572
1574
1575
1576
1615
1619
1620
1621
1622
1623
1624
1625
1626
1638
1639
1640
1641
1642
1657
1658
1659
1660
1661
1665
1666
1667
1668
1669
1670
1671
1710
1714
1715
1716
1719
1720
1721
1730
1731
1733
1734
1735
1736
1737
1751
1752
1753
1754
1755
1756
1760
1761
1762
1763
1764
1765
1805
1807
1808
1809
1810
1811
1812
1813
1814
1815
1816
1820
1821
1822
1825
1826
1827
1828
1829
1830
1831
1832
1833
1834
1835
1838
1839
1840
1845
1846
1847
1848
1849
1850
1851
1852
1856
1857
1858
1859
1860
1861
1862
1863
1900
1902
1903
1904
1905
1906
1907
1908
1909
1914
1915
1916
1917
1920
1921
1922
1923
1924
1925
1926
1927
1928
1929
1930
1931
1932
1933
1934
1935
1936
1940
1941
1942
1943
1944
1945
1946
1947
1950
1951
1952
1953
1954
1955
1956
1957
1958
1995
1998
1999
2000
2001
2002
2003
2009
2010
2011
2012
2017
2018
2019
2020
2021
2022
2023
2026
2027
2028
2029
2030
2031
2038
2039
2044
2045
2046
2047
2048
2049
2050
2051
2052
2053
2090
2093
2094
2095
2096
2097
2098
2104
2105
2106
2107
2111
2112
2113
2114
2115
2116
2117
2118
2121
2122
2123
2124
2125
2126
2133
2134
2139
2140
2141
2143
2144
2145
2185
2188
2189
2190
2191
2192
2193
2206
2207
2208
2209
2210
2211
2212
2213
2214
2216
2217
2218
2219
2220
2238
2239
2240
2280
2283
2284
2285
2287
2288
2294
2295
2301
2302
2303
2304
2305
2306
2307
2308
2309
2311
2312
2313
2314
2315
2333
2334
2335
2375
2385
2386
2387
2389
2390
2401
2470
2474
2475
2481
2482
2483
2484
2485
2526
2527
2529
2530
2565
2567
2568
2569
2570
2577
2578
2579
2580
2581
2582
2612
2613
2614
2621
2622
2623
2624
2625
2652
2660
2662
2663
2664
2665
2666
2667
2671
2672
2673
2674
2675
2676
2677
2705
2706
2707
2708
2709
2710
2716
2717
2718
2719
2720
2747
2748
2749
2750
2755
2757
2758
2759
2760
2761
2762
2765
2766
2767
2768
2769
2770
2800
2801
2802
2803
2804
2805
2811
2812
2813
2814
2815
2842
2843
2844
2845
2850
2852
2853
2854
2855
2856
2857
2860
2861
2863
2864
2865
2895
2896
2897
2898
2899
2900
2906
2907
2908
2909
2910
2936
2937
2938
2939
2940
2945
2947
2948
2949
2950
2959
2960
2990
2991
2992
2993
2994
3003
3004
3005
3031
3032
3033
3034
3040
3042
3043
3044
3045
3056
3057
3075
3076
3077
3085
3086
3087
3088
3089
3126
3127
3128
3129
3135
3139
3140
3148
3150
3151
3152
3169
3170
3171
3172
3173
3220
3221
3223
3224
3225
3230
3242
3243
3244
3245
3246
3248
3249
3264
3265
3266
3267
3268
3315
3316
3325
3337
3338
3339
3340
3341
3342
3343
3344
3359
3360
3361
3362
3366
3367
3379
3394
3395
3396
3397
3398
3420
3434
3435
3436
3437
3438
3443
3444
3454
3455
3456
3457
3459
3460
3461
3462
3471
3472
3473
3474
3489
3490
3491
3492
3494
3495
3496
3511
3515
3528
3529
3530
3531
3532
3538
3539
3549
3550
3551
3552
3553
3554
3555
3556
3557
3566
3567
3568
3569
3570
3571
3584
3585
3586
3589
3590
3591
3592
3606
3607
3608
3610
3623
3624
3626
3627
3630
3631
3632
3633
3634
3635
3636
3637
3641
3642
3643
3644
3645
3646
3647
3648
3649
3650
3651
3662
3663
3664
3665
3680
3685
3686
3687
3701
3702
3703
3704
3705
3721
3722
3725
3726
3727
3728
3729
3730
3731
3732
3735
3736
3737
3738
3739
3740
3741
3742
3743
3744
3745
3756
3757
3758
3759
3760
3782
3796
3797
3798
3799
3800
3822
3823
3824
3825
3826
3830
3831
3832
3833
3834
3835
3836
3837
3838
3839
3840
3841
3851
3852
3854
3855
3889
3890
3891
3892
3893
3894
